Chain	Res	Position	Solvation	Solvation_Ala	Solvation_Chain	Solvation_Chain_Ala	Electric	Electric_Ala	Vdw	Vdw_Ala
A	THR	78	-0.16904399999999997	-0.053543	-0.16904399999999997	-0.053543	2.0265227936392756	2.9785899283597628	-0.13098483137640504	-0.09995352748168777
A	ARG	393	-1.30971	-0.30150099999999996	-1.30971	-0.30150099999999996	4.003146469779065	0.10759578900968306	-0.7126615848184107	-0.03052673221701196
A	LYS	31	-2.203014	0.003762	-2.203014	0.003762	4.716327871195933	0.14338429406713865	-8.20681411898843	-3.192763872635378
A	PHE	356	1.041861	-0.080682	1.041861	-0.080682	-0.04481800148311349	-0.01602228100376031	-0.5318200308889022	-0.2356446550347925
A	ALA	387	0.45426900000000014	0.45426900000000014	0.45426900000000014	0.45426900000000014	-0.029141130915405492	-0.029141130915405492	-0.2185719925651771	-0.2185719925651771
A	SER	19	-3.4036210000000002	-2.133489	-3.4036210000000002	-2.133489	3.874784306679486	2.5186887055648333	-0.9237691019207367	-0.8399890306547683
A	HIE	34	-1.801601	-0.102429	-1.801601	-0.102429	-0.0342493055294365	0.1148414797144303	-2.595785338378753	-2.0718354584546774
A	GLN	81	-4.821886999999999	-0.417577	-4.821886999999999	-0.417577	0.079260795568605	0.007930738677543821	-0.12983980885149024	-0.11110245653486989
A	TYR	83	0.23537800000000003	-0.00908	0.23537800000000003	-0.00908	-0.27026767134774715	0.06096652527605992	-3.750070753272646	-0.3334207920319605
A	ALA	80	0.0	0.0	0.0	0.0	0.001424217953065254	0.001424217953065254	-0.20215094291636176	-0.20215094291636176
A	GLU	37	-0.8279360000000002	0.07746199999999999	-0.8279360000000002	0.07746199999999999	-4.315765985562765	-0.38599835346137884	-2.6018034564810635	-0.5031065188763602
A	ASN	49	-4.200906	0.214358	-4.200906	0.214358	0.05650909327268913	-0.09279381812674661	-0.1567272156343993	-0.04823422362809552
A	PHE	28	0.5986020000000001	-0.00046499999999999997	0.5986020000000001	-0.00046499999999999997	-0.07583745258956373	0.004589490429906501	-3.3070516016136056	-1.9428295687698356
A	GLN	24	-1.800637	0.0074670000000000005	-1.800637	0.0074670000000000005	0.39660174013047156	-0.1200617690178325	-1.7266578163445536	-2.2663221074546085
A	ASP	355	0.015848999999999988	0.052073999999999995	0.015848999999999988	0.052073999999999995	-1.384550250501518	1.7415802580215345	-4.252068055774103	-2.374679956045139
A	ALA	386	0.45488800000000007	0.45488800000000007	0.45488800000000007	0.45488800000000007	0.00948602081162637	0.00948602081162637	-0.2916521982311312	-0.2916521982311312
A	THR	27	-0.7247509999999999	0.044421999999999996	-0.7247509999999999	0.044421999999999996	2.7679404017854403	4.119868793088755	-6.429049030466628	-3.2415385367984726
A	GLY	352	0.158445	0.158445	0.158445	0.158445	0.014448054972128886	0.014448054972128886	-0.7408530128764965	-0.7408530128764965
A	GLN	42	-1.292414	0.156497	-1.292414	0.156497	0.38984504143814686	0.017008475046216928	-2.882702897829213	-0.5063174106576738
A	ASN	33	-2.0689650000000004	0.204475	-2.0689650000000004	0.204475	0.037464220215429646	-0.16320930378201384	-0.46890804074549575	-0.36239848716217754
A	PHE	327	0.005966	0.005966	0.005966	0.005966	0.024089049044453782	0.05544901823602856	-0.18532354719148153	-0.14495691345294165
A	ASP	30	-1.8011950000000003	-0.046047000000000005	-1.8011950000000003	-0.046047000000000005	-0.23739312828478473	1.6315722420165337	-1.5357884835524758	0.9668878942758932
A	THR	324	0.721937	0.296455	0.721937	0.296455	2.7003086821296245	4.005930255716487	-0.5125169601206624	-0.2832356649039092
A	ILE	21	0.8259129999999999	-0.23472400000000002	0.8259129999999999	-0.23472400000000002	-0.06567894697358241	0.12844627717249552	-0.3474768090804743	-0.211807467560186
A	LEU	79	0.693557	0.0	0.693557	0.0	0.04026148388295564	-0.24023966013399714	-2.14630154570172	-0.8501159613611917
A	ASN	330	-0.8447049999999999	-0.04660600000000001	-0.8447049999999999	-0.04660600000000001	0.09412913786790583	-0.11446533542449805	-2.1725772758952098	-0.4240864493024801
A	THR	20	1.288036	0.446746	1.288036	0.446746	2.2530719361304077	3.4030589821802844	-0.2952471199484535	-0.25504264290203854
A	MET	82	1.2067350000000001	-0.2764979999999999	1.2067350000000001	-0.2764979999999999	-0.001153853637008772	0.11545892403349263	-1.4779211147629592	0.002632798007700199
A	LEU	351	0.003007	0.003007	0.003007	0.003007	-0.015328108854662861	-0.36354782531670815	-0.5065363076170545	-0.2622134275584577
A	GLN	388	-1.5219190000000002	-0.058065	-1.5219190000000002	-0.058065	-0.06542846177225686	-0.055209616618144816	-0.11302259109702267	-0.0899500760084317
A	LEU	39	0.812613	-0.011873	0.812613	-0.011873	0.01723907330506367	-0.3324738564988083	-0.3453043630603376	-0.22086389684999436
A	GLU	23	-2.470127	0.187147	-2.470127	0.187147	-3.7337544020668063	-0.4089448825178258	-0.5285132122749339	-0.4052573749045828
A	GLY	354	-0.379895	-0.379895	-0.379895	-0.379895	0.0017010255761327506	0.0017010255761327506	-3.489026282172566	-3.489026282172566
A	GLN	76	-2.3547770000000003	0.0	-2.3547770000000003	0.0	-0.01046580078508591	0.002315858330455337	-0.29057672164317055	-0.09503029573962517
A	LEU	45	0.481194	0.022895000000000002	0.481194	0.022895000000000002	0.05927762764283562	-0.28626064506486554	-1.9648912442673294	-0.32863583165905946
A	LEU	29	0.12173300000000001	0.086108	0.12173300000000001	0.086108	-0.03390298062551733	-0.37552609435058476	-0.4755304822946863	-0.3941244631086317
A	GLU	75	-2.743844	0.174094	-2.743844	0.174094	-3.014512524564107	-0.2725132229251246	-0.19345637277685923	-0.07003386413299885
A	GLU	329	-2.5697670000000006	-0.705606	-2.5697670000000006	-0.705606	-3.9730214605404797	-0.30205639931224343	-0.46369720089222266	-0.1980384401027944
A	GLY	326	-0.384631	-0.384631	-0.384631	-0.384631	0.044488743748867084	0.044488743748867084	-0.5585365115144425	-0.5585365115144425
A	TRP	48	-1.293378	0.0	-1.293378	0.0	0.05931419140069734	0.17112533359955936	-0.18694822485579077	-0.055878208258482644
A	PHE	32	0.056318	-0.0001810000000000006	0.056318	-0.0001810000000000006	-0.03291564076815683	-0.002149023650519178	-0.5079002750886156	-0.39743218252101026
A	ARG	357	-0.503055	0.0	-0.503055	0.0	3.430923596115862	0.08970812913278925	-1.492201372491345	-0.07032559973168749
A	LEU	97	0.0	0.0	0.0	0.0	0.01784420367964941	-0.2807822130099484	-0.09227756488576903	-0.029707632304931793
A	ASP	38	-0.6634880000000001	0.22754400000000002	-0.6634880000000001	0.22754400000000002	-0.9765021388887716	1.815242282233118	-2.594507688384124	-1.0973599610855815
A	PHE	390	2.781507	-0.315504	2.781507	-0.315504	0.04432803661039449	0.072452224099941	-0.18433736230277667	-0.08728545001175271
A	PRO	84	1.057418	0.63368	1.057418	0.63368	-0.033526745744889404	-0.4903737824374161	-0.0851245926116873	-0.04436040665589344
A	GLU	35	-1.821046	0.012438999999999999	-1.821046	0.012438999999999999	-3.638313498081594	-0.39141329427048266	-0.9008389043290035	-0.7045209232960161
A	LYS	26	-3.813213	0.13169599999999998	-3.813213	0.13169599999999998	3.783039500158624	0.1536386030510689	-0.4831275242952439	-0.3853536448817998
A	TYR	41	0.0	0.0	0.0	0.0	-0.0514988124853743	0.12682100849996641	-5.897229722429088	-0.6276296354456294
A	LYS	353	-0.906479	-0.22964800000000002	-0.906479	-0.22964800000000002	5.241687021996585	0.6307902541679886	-10.810672440057553	-4.8879630848362
A	ALA	25	0.0	0.0	0.0	0.0	-0.048356877623870614	-0.048356877623870614	-0.4112401716758569	-0.4112401716758569
A	GLN	325	-6.331797000000001	-0.711624	-6.331797000000001	-0.711624	-0.017910681812021614	0.040511733756358075	-0.6573420457540192	-0.36333888690928967
E	GLY	446	-0.5412880000000001	-0.5412880000000001	-0.5412880000000001	-0.5412880000000001	0.07336320319411511	0.07336320319411511	-1.0214369981921416	-1.0214369981921416
E	GLY	504	-0.887456	-0.887456	-0.887456	-0.887456	0.02998536784149066	0.02998536784149066	-0.4507395028979141	-0.4507395028979141
E	TYR	495	0.654014	0.076703	0.654014	0.076703	-0.10956762139155897	-0.05059094084803408	-0.8083732012648175	-0.5400466235838547
E	SER	477	-0.9324910000000003	-0.12528200000000023	-0.9324910000000003	-0.12528200000000023	2.545924905011198	3.4500332099050017	-0.5463071334333601	-0.48062561163629025
E	LEU	492	-0.10155299999999998	-0.14409399999999997	-0.10155299999999998	-0.14409399999999997	-0.024488424282009636	-0.388997060346607	-0.2625965451786059	-0.22493231689680007
E	ASP	405	-2.5947320000000005	0.077146	-2.5947320000000005	0.077146	-1.9032373752074856	1.9738717038429525	-0.35388165735429	-0.14981465502981153
E	GLN	498	0.017707999999999998	0.011000999999999999	0.017707999999999998	0.011000999999999999	0.27764235680193244	-0.02089951096802131	-6.380948475352913	-1.6998894829479596
E	ASN	439	-2.4549060000000003	0.03526199999999999	-2.4549060000000003	0.03526199999999999	0.049545032681953496	-0.18072731370487755	-0.22597735015758622	-0.08917688957553298
E	CYX	488	0.14007199999999997	-0.008856000000000001	0.14007199999999997	-0.008856000000000001	0.004568346424349427	0.4319523745056742	-0.4398230919548938	-0.39060581943793893
E	ASN	501	-0.154521	-0.132821	-0.154521	-0.132821	-0.14675907109374217	-0.12021523064153991	-8.052084806019288	-4.61096520962848
E	GLY	485	0.571272	0.571272	0.571272	0.571272	0.04421586600502408	0.04421586600502408	-0.4109706903708417	-0.4109706903708417
E	GLY	476	-0.183276	-0.183276	-0.183276	-0.183276	0.09637882614419963	0.09637882614419963	-1.5277725373087228	-1.5277725373087228
E	VAL	445	1.483549	-0.40069999999999995	1.483549	-0.40069999999999995	-0.09223747927914226	0.6805180526211955	-0.8500527381429918	-0.5616588514727587
E	PRO	491	0.059393999999999995	0.05701899999999999	0.059393999999999995	0.05701899999999999	-0.0447650556626518	-0.6586703623213965	-0.24637228381918386	-0.2039367579725744
E	TYR	473	-0.08896700000000002	0.061141999999999995	-0.08896700000000002	0.061141999999999995	-0.05237428078029972	0.038576606536998154	-1.2324761055156328	-0.21561922896570992
E	GLN	506	-2.1513069999999996	0.0	-2.1513069999999996	0.0	0.12208935890787899	0.001791402667306014	-0.7068380154159166	-0.2792603347187127
E	PHE	497	0.19624800000000003	0.0	0.19624800000000003	0.0	0.02255807782461394	0.04924256721561303	-0.8230012338259763	-0.5546921854816893
E	ASN	448	-1.350898	0.005403	-1.350898	0.005403	-0.022080520873227184	-0.19756579520990075	-0.22083283108040297	-0.19023600119330952
E	LYS	417	-0.681754	-0.251302	-0.681754	-0.251302	6.101986545992703	0.2178879556045932	-2.031581497600649	-0.1818914172482916
E	GLY	447	-0.162905	-0.162905	-0.162905	-0.162905	0.04501186309828288	0.04501186309828288	-0.5682408118758002	-0.5682408118758002
E	SER	494	-0.507305	-0.507305	-0.507305	-0.507305	3.2610361300856123	4.3877564464806245	-0.6192208310323806	-0.5625290514545055
E	THR	500	0.530697	0.008444999999999994	0.530697	0.008444999999999994	3.5001553731585444	5.510154623446954	-6.75830449716893	-5.6889200773415345
E	GLU	484	-3.730318	-0.87048	-3.730318	-0.87048	-3.8108328632480175	-0.3961714779257756	-0.7156973168031933	-0.18230129948898566
E	ARG	457	-1.9041679999999999	-0.163966	-1.9041679999999999	-0.163966	3.42721536613667	0.07085779156334804	-0.13758247233333315	-0.10968884484199133
E	PHE	456	0.7596490000000001	0.0019629999999999995	0.7596490000000001	0.0019629999999999995	0.001850349561154015	0.03590659079690331	-2.549956316928051	-0.4204819651204133
E	VAL	503	0.924681	-0.46129299999999995	0.924681	-0.46129299999999995	-0.0006166029251660773	0.7710095308196456	-1.005571363367109	-0.6480222018359489
E	ASN	487	-0.745474	-0.121134	-0.745474	-0.121134	0.17253567243782816	-0.14041926739968924	-0.0848514348954573	-1.5282860336933923
E	THR	478	0.9575640000000001	0.238677	0.9575640000000001	0.238677	2.5202744173081317	3.795532568891332	-0.1904556278502227	-0.11907046369998504
E	GLN	493	-2.399176	0.014782	-2.399176	0.014782	0.7338276095273741	0.09469468360266975	-2.7395543425625384	-0.7699690493425887
E	ALA	475	-0.18938099999999997	-0.18938099999999997	-0.18938099999999997	-0.18938099999999997	0.35749244088701715	0.35749244088701715	-2.8420537048692234	-2.8420537048692234
E	LYS	444	-4.675085000000001	0.49766699999999997	-4.675085000000001	0.49766699999999997	4.09338511794555	0.13134444708345341	-0.24168409959935927	-0.17161896214621353
E	ARG	403	-2.609526	0.0	-2.609526	0.0	4.889265020303732	0.17763734652047158	-1.0560873822463248	-0.1242930247609462
E	GLY	496	-0.608344	-0.608344	-0.608344	-0.608344	0.21324507151165267	0.21324507151165267	-2.2192162056445888	-2.2192162056445888
E	TYR	453	0.607927	0.0	0.607927	0.0	-0.02523274283279021	0.037101847041701795	2.242456671715027	-0.11999824167098627
E	TYR	449	5.3976999999999995	-0.19374000000000002	5.3976999999999995	-0.19374000000000002	0.7424705241723075	0.07008241682845147	-1.616928175931383	-0.14838296736015338
E	GLY	502	0.227971	0.227971	0.227971	0.227971	0.14883407298636248	0.14883407298636248	-1.8809888925752323	-1.8809888925752323
E	PHE	486	3.54448	-0.9586790000000001	3.54448	-0.9586790000000001	0.13064108025947374	0.11226709369428238	-7.135679871192721	-1.4387481274548837
E	LEU	455	0.0	0.0	0.0	0.0	-0.08799148564114995	-0.5459317555794384	-5.978512889682902	-0.8489719652249128
E	PRO	499	0.3738669999999999	0.14932499999999993	0.3738669999999999	0.14932499999999993	-0.04079967734168806	-0.802358488083056	-0.8513213596837675	-0.6323135808677484
E	GLU	406	-0.743584	0.0	-0.743584	0.0	-4.335953267256853	-0.37760988844412496	-0.19276835746736856	-0.06342063316520369
E	PHE	490	7.689991000000001	0.080386	7.689991000000001	0.080386	-0.004933108487857856	0.0245857800186764	-0.6199951977681055	-0.48733201658014924
E	TYR	421	-1.014799	-0.035774	-1.014799	-0.035774	-0.003800592317357437	0.09117199775896731	-0.2674010520965378	-0.0430562372606516
E	TYR	505	1.633753	-0.03455	1.633753	-0.03455	-0.015528828266525093	0.15307709718225682	-9.622249037455177	-2.048143240025374
E	GLN	474	-4.895452	-0.24155000000000001	-4.895452	-0.24155000000000001	0.060023632648308366	0.04442753479437524	-0.3382010598743411	-0.24340603728409937
E	TYR	489	1.817893	0.0	1.817893	0.0	-0.15389974191926883	0.023426728709977557	-8.552870703111475	-0.8665956555327619
